24
14
49
13
16
84
35
22
87
48
56
99
96
86
40
31
14
2
25
52
28
39
72
34
86
53
90
14
40
3
48
31
13
75
27
64
43
85
81
27
98
92
44
88
30
27
23
36
33
30
62
75
1
72
15
88
53
40
16
98
25
92
18
84
2
1
22
48
46
35
6
85
40
18
93
8
64
76
28
37
35
44
68
67
87
60
31
19
17
73
88
1
80
82
13
7
8
84
26
75
89
79
15
69
37
17
42
32
38
8
49
70
40
97
11
19
15
83
18
58
96
45
75
63
56
28
76
48
2
65
28
91
42
56
28
0
63
2
11
47
60
91
63
42
92
40
65
87
67
88
4
45
66
50
26
81
9
13
14
69
84
41
67
40
35
94
78
29
81
97
28
16
19
71
81
53
84
64
91
45
7
63
2
36
95
86
60
79
20
39
8
25
20
19
83
99
53
31
85
58
98
2
38
21
49
9
49
25
64
6
78
88
71
86
38
69
30
0
22
61
94
33
80
95
42
91
68
1
9
35
59
58
40
25
31
23
48
58
31
84
61
20
10
42
41
42
79
85
94
70
47
60
38
95
53
85
47
78
54
6
13
98
45
69
48
84
37
81
82
5
68
2
79
7
95
79
91
84
11
97
42
38
54
48
68
53
12
30
39
34
23
53
72
5
62
32
52
28
30
47
14
37
15
51
19
2
60
3
46
79
46
97
78
16
61
10
77
12
68
29
2
46
97
66
36
22
5
75
59
13
71
4
70
22
89
99
27
86
26
83
73
10
90
5
67
14
4
85
49
75
36
47
5
33
43
43
93
62
67
94
42
74
0
18
93
91
26
32
22
61
87
18
71
38
87
38
44
77
93
18
18
26
36
9
80
55
88
81
45
39
15
79
62
37
76
35
97
59
34
13
47
70
89
91
96
51
6
88
71
57
50
67
21
25
27
71
52
7
0
51
12
53
23
74
11
82
21
59
81
11
86
66
34
81
33
21
33
17
74
37
20
43
2
80
7
6
97
58
57
51
39
73
9
71
90
54
25
31
84
27
16
68
13
38
98
76
80
75
44
83
9
47
88
76
85
83
34
57
59
95
6
55
77
54
7
15
72
82
43
60
1
51
88
86
8
67
77
74
59
55
61
44
28
70
58
18
57
22
77
60
73
97
78
42
22
97
90
12
6
66
83
13
45
13
96
43
76
66
24
91
44
9
63
15
77
37
90
74
98
70
7
71
27
32
84
27
64
35
81
26
98
54
34
96
71
83
57
74
75
66
40
31
99
35
81
34
56
16
35
54
90
40
26
67
30
14
14
67
45
52
81
72
20
46
55
0
27
99
48
95
23
25
28
58
21
47
93
4
54
81
43
22
54
63
43
15
97
70
21
23
73
41
32
28
90
58
36
86
12
8
4
50
80
3
12
64
64
13
79
19
56
5
82
29
67
82
0
7
69
61
6
85
5
6
85
71
1
46
41
82
71
56
94
10
87
72
8
82
25
60
81
56
95
83
23
38
30
56
86
13
86
42
20
59
21
60
2
10
34
91
24
11
57
16
58
36
50
48
81
41
62
45
67
90
67
83
44
71
25
22
42
88
43
38
50
0
78
10
70
7
65
81
35
97
30
86
33
95
47
36
88
14
39
9
70
6
93
63
85
45
87
4
13
54
26
94
70
41
40
63
56
2
58
79
30
18
41
86
74
84
6
12
70
94
73
59
94
3
98
14
35
65
21
59
34
24
60
19
67
72
92
5
11
48
39
47
4
46
86
22
77
34
9
23
60
40
61
37
56
82
86
77
54
5
73
38
96
75
36
9
42
83
6
48
49
74
46
24
31
42
14
28
63
64
74
27
79
77
38
48
66
48
88
44
65
26
31
88
27
51
4
93
99
80
85
50
96
15
13
98
91
11
34
31
73
62
58
28
26
77
42
55
43
5
5
75
36
18
19
91
80
26
68
80
66
9
59
10
17
65
64
87
61
78
1
9
81
69
39
15
68
33
34
54
60
74
12
91
4
79
55
37
4
56
50
88
11
19
31
13
40
69
83
43
88
10
84
55
47
12
59
31
60
12
93
5
91
77
16
71
6
36
97
96
18
5
81
6
55
19
83
45
4
71
37
57
99
68
84
0
6
72
20
41
85
76
5
75
47
77
8
9
44
72
34
14
69
67
89
87
69
15
80
11
51
93
88
16
64
83
15
83
59
83
31
16
7
17
63
38
86
3
62
22
90
28
76
64
52
91
36
68
82
21
61
6
90
56
81
98
