-5.751873e+02
-4.362042e+02
5.049191e+02
-2.684412e+02
1.113322e+02
-4.996252e+02
-4.137653e+02
1.406658e+03
6.386833e+01
4.621821e+02
-9.633714e+02
-1.063427e+02
-3.630974e+02
1.282252e+03
9.110029e+02
2.526191e+02
-1.065515e+03
8.898386e+02
5.801053e+02
6.770387e+01
8.514108e+02
-2.408115e+03
-8.982232e+02
-2.963682e+02
-3.531130e+02
-1.748412e+03
4.249689e+01
1.694178e+03
-5.445622e+01
1.539420e+03
-1.097898e+03
8.497018e+02
2.469654e+02
-3.943744e+02
1.438758e+03
1.177442e+03
-6.286269e+02
-1.474254e+03
4.300584e+02
3.570475e+02
4.091632e+02
-9.556056e+02
7.272241e+02
8.447611e+02
-2.097883e+03
-1.056608e+02
4.668321e+02
-4.438848e+02
5.671276e+02
-1.147985e+03
1.344647e+03
8.930466e+01
-4.986822e+02
-2.414831e+01
7.044222e+02
-1.527813e+03
5.814517e+02
-7.111118e+02
-1.001527e+03
-7.314359e+02
1.326806e+02
-7.096478e+02
5.699048e+02
5.359526e+02
6.952363e+02
-3.288007e+02
-3.777566e+02
5.333553e+02
2.223503e+02
-3.118581e+02
6.630432e+02
1.473281e+03
1.216441e+03
2.068553e+03
-1.882374e+03
1.340424e+03
8.344626e+02
1.478523e+03
4.578488e+01
3.702080e+02
5.174784e+02
2.044700e+03
1.582842e+03
3.179397e+02
-1.212377e+02
-3.103212e+03
9.556110e+02
2.202689e+02
2.658166e+02
-5.597452e+02
8.716688e+01
3.410149e+02
-5.534710e+02
2.935593e+02
4.545739e+02
1.011081e+03
1.237011e+03
-5.342089e+02
-1.215990e+03
-1.176716e+03
2.278515e+01
1.374750e+02
-2.237077e+02
-9.546971e+02
-1.136056e+03
2.424366e+02
6.216364e+02
-9.215641e+02
1.969037e+03
1.159626e+03
6.283111e+02
-5.080430e+02
-5.187632e+02
-2.915847e+03
9.837513e+02
-9.049175e+01
-9.463414e+02
2.983068e+02
-8.158490e+02
2.613487e+02
3.893923e+02
7.313958e+02
1.564284e+02
-2.198631e+03
6.671343e+02
2.858272e+01
-6.847917e+02
-1.821497e+03
1.518460e+03
1.491934e+03
-4.490869e+02
-4.973015e+02
-1.443394e+03
8.884937e+02
4.113716e+02
3.321325e+02
7.993446e+02
-6.924352e+02
5.258247e+02
-5.048112e+01
4.441799e+02
-1.383000e+03
1.423619e+03
-1.421328e+03
1.349606e+03
8.087736e+01
4.520539e+02
-3.380592e+02
3.550761e+02
-7.659221e+02
8.549521e+02
-1.075218e+03
7.773797e+02
-1.145322e+02
5.562906e+02
-9.097344e+02
-9.519296e+02
-1.571082e+02
-3.006789e+02
-4.266543e+01
6.423742e+02
1.202841e+03
5.147342e+01
3.579668e+01
5.839754e+02
1.762264e+02
6.912080e+02
2.384666e+02
1.118482e+03
6.748961e+02
-9.288244e+02
-7.509200e+02
8.943208e+02
1.446713e+03
-1.454149e+03
8.711395e+02
1.513281e+03
-1.663184e+02
-9.587325e+02
1.335414e+02
-4.352631e+02
-9.509039e+02
-7.713604e+02
-5.690518e+02
2.811900e+02
1.872068e+02
-1.129244e+03
-2.475786e+03
6.075022e+02
2.957242e+01
4.941745e+02
-2.754956e+02
-4.668393e+02
-1.417839e+02
-5.406130e+02
-9.715465e+02
1.090592e+03
-2.864499e+02
-7.203098e+02
-6.578782e+02
1.510463e+02
-8.276067e+02
6.921213e+02
1.923011e+02
-7.896806e+02
-1.894605e+02
1.433783e+03
5.032553e+02
-1.067649e+03
6.462349e+02
8.739875e+02
7.928549e+02
-1.256238e+03
-2.772181e+02
1.179135e+03
-1.232427e+02
1.907505e+03
-1.907510e+03
3.343019e+02
-1.035578e+03
-1.924765e+01
4.798986e+02
2.648097e+02
7.851997e+02
-7.718405e+00
1.241528e+03
-7.900262e+02
3.303278e+02
-5.739355e+02
-5.504221e+02
5.630020e+02
-7.122149e+02
9.016331e+02
1.358423e+03
-1.352382e+03
-1.787576e+02
2.352130e+02
2.909829e+02
1.088705e+03
-5.449551e+02
-9.744659e+02
9.489756e+02
-2.631300e+02
-1.661409e+02
-2.391588e+03
-5.425385e+01
2.787859e+02
-1.051235e+03
3.468953e+02
1.000892e+03
3.492606e+01
-5.585808e+02
-2.769810e+02
-3.034358e+02
9.801836e+01
-3.627625e+01
1.092440e+03
8.159540e+02
-1.878289e+02
-8.051962e+02
8.660171e+02
4.737790e+02
6.209858e+02
6.601737e+02
2.511291e+02
1.131382e+03
8.250057e+02
1.757480e+03
-8.920148e+01
9.850997e+02
-1.128664e+03
4.572233e+01
-2.311215e+03
-1.409377e+03
7.839704e+02
-1.330349e+03
-3.598934e+02
2.629688e+03
1.888908e+02
-1.706809e+03
-8.587649e+02
-1.809560e+02
-7.949612e+01
1.466431e+02
-1.890986e+03
-1.227149e+02
-6.528627e+02
1.419753e+02
-8.647231e+02
1.520737e+03
7.228824e+02
1.218840e+02
1.078042e+02
-6.878158e+02
5.670356e+02
5.387278e+02
7.880280e+02
-1.622452e+02
1.469734e+02
8.318366e+02
6.322179e+02
-4.663962e+02
-9.269957e-01
9.084668e+02
2.386753e+03
-3.028119e+02
-6.189519e+02
1.454882e+03
7.899994e+02
3.909860e+02
9.546520e+02
5.588122e+02
-5.661364e+02
1.042097e+03
-9.708930e+02
5.356828e+00
-1.466194e+03
-9.937830e+02
-3.240980e+02
1.851552e+02
-1.209482e+03
-7.302632e+02
1.081429e+03
7.471018e+02
-4.087146e+02
-2.400701e+03
-4.067736e+00
-1.576696e+03
-6.588976e+02
1.387685e+03
-1.254593e+03
1.790342e+03
1.131340e+03
-3.722907e+02
-8.193875e+02
-3.444088e+03
-1.530857e+03
-3.583593e+02
1.135054e+03
-8.260689e+02
1.102183e+03
1.947368e+03
1.151066e+03
-5.027764e+02
-4.296662e+02
-1.185554e+03
-1.523445e+03
-9.019175e+02
7.662569e+02
-1.251900e+03
5.494735e+02
5.233747e+02
1.308276e+03
-7.662496e+02
-5.719404e+02
2.795938e+02
4.762648e+02
2.577002e+02
-1.134138e+03
-1.232071e+03
7.816681e+02
1.694308e+03
-3.141642e+02
3.638209e+03
6.010834e+02
-4.676787e+02
-1.367838e+02
2.211149e+02
9.716414e+02
-7.791304e+02
-9.680348e+02
2.655570e+02
1.036404e+03
-6.199849e+02
-1.038509e+03
-9.926670e+02
-5.044326e+02
-1.504084e+03
-1.572163e+03
-2.347965e+03
2.579604e+02
-4.824310e+02
3.628743e+01
6.620881e+02
-5.152184e+02
-5.041338e+02
-6.442679e+02
-8.183659e+02
9.935074e+02
1.030094e+03
-1.640690e+02
-1.167137e+02
1.345208e+03
1.921587e+02
1.529544e+03
4.881585e+01
-2.158075e+03
-2.152030e+02
5.297315e+00
-1.192940e+03
-1.100385e+03
-1.608969e+02
1.550611e+03
-8.118973e+01
1.168890e+03
5.099108e+02
-1.655766e+02
3.293457e+02
-4.141778e+02
-7.508480e+01
1.268579e+03
9.084114e+01
-7.789853e+02
-6.911317e+02
5.966789e+02
7.828924e+02
-1.749972e+03
7.912759e+00
-3.695546e+02
2.047232e+02
1.368799e+02
-4.141369e+02
9.474422e+02
2.340192e+03
1.252315e+03
-2.332591e+03
9.350306e+02
2.125431e+03
-5.187303e+02
8.975878e+02
-5.928480e+01
-7.642601e+02
2.066356e+02
4.684954e+02
-7.435024e+02
8.452769e+02
-1.984427e+02
1.107529e+03
-6.876351e+02
-8.140708e+02
4.500054e+02
3.703105e+01
-4.384000e+02
-1.715474e+03
-1.507247e+03
2.229752e+02
-1.561980e+02
-2.047108e+03
-7.209142e+02
1.800961e+03
-6.765212e+02
-2.114719e+02
-5.120681e+01
2.799574e+02
1.494685e+03
1.094491e+03
9.109042e+02
-1.499066e+03
-2.604964e+02
1.280040e+03
-1.776489e+02
-2.415562e+02
8.868210e+01
-7.170236e+02
-6.375796e+02
1.570540e+03
-7.518580e+02
2.241053e+02
-1.412765e+03
-1.775327e+03
-5.116791e+02
-1.532377e+03
3.888654e+02
-5.691248e+02
-9.151900e+02
-1.548744e+03
-4.906262e+02
-1.230706e+02
-8.962269e+02
-3.530260e+02
-2.329579e+02
2.350304e+02
-1.885794e+03
-7.082450e+02
7.315865e+01
-1.788109e+03
-3.413836e+01
-8.777406e+00
1.194821e+02
-1.919100e+02
1.622906e+02
-4.929145e+02
-8.842445e+02
8.844196e+01
-1.061464e+03
1.394143e+03
1.213483e+03
-8.090996e+02
-8.995018e+02
-5.513994e+02
2.177599e+02
1.444851e+02
-6.379192e+02
6.687618e+02
1.524618e+03
1.413862e+03
1.382708e+02
-5.996309e+01
3.482455e+02
-4.004376e+02
-5.063008e+02
-3.342829e+03
2.911558e+02
-1.357432e+02
-1.855015e+03
1.460879e+03
7.007576e+02
2.091020e+02
1.349334e+03
1.125661e+03
3.863667e+02
1.508587e+03
-1.154325e+03
-3.034834e+01
-1.210346e+02
-2.215981e+02
-2.989886e+02
-2.041636e+03
7.575248e+02
5.772098e+02
9.452629e+02
-7.936922e+02
4.350868e+02
-5.099797e+02
-5.934568e+02
2.555334e+01
-5.517693e+02
1.363632e+03
9.439585e+02
-1.260200e+03
7.811697e+02
3.149169e+02
2.527715e+03
2.071998e+03
-4.755463e+02
2.633704e+02
8.476010e+02
-7.110586e+02
-9.582728e+01
-8.134492e+02
1.128972e+03
7.959860e+02
1.520768e+02
-9.306915e+02
-1.355607e+03
-9.870058e+02
7.937401e+02
1.618143e+03
-1.221601e+03
-1.516122e+03
-1.358245e+03
1.611822e+03
2.923425e+03
4.930448e+02
5.631140e+02
2.263947e+02
2.714375e+03
2.361889e+02
-1.054805e+03
2.813361e+02
-4.038901e+01
-1.182274e+03
-4.529294e+02
-5.208989e+02
1.921784e+03
-9.448184e+02
-1.175912e+03
1.149737e+03
-5.231841e+02
6.135092e+02
3.900255e+02
5.553616e+02
7.319088e+02
1.182843e+03
6.821770e+02
3.136909e+02
-1.182560e+02
-2.417978e+03
5.118025e+02
4.676166e+02
-4.517769e+02
-1.221761e+03
6.350452e+02
1.377589e+03
5.227552e+02
-8.716781e+02
3.632240e+02
-9.947403e+02
-1.252805e+03
5.491905e+02
-2.357568e+02
-3.248969e+02
1.513273e+03
2.782846e+02
-1.281673e+03
-6.321219e+02
2.616811e+03
3.514313e+02
6.472614e+02
-7.444166e+02
6.839729e+02
2.470787e+02
4.937789e+02
-1.756873e+02
1.326419e+02
1.637896e+03
-9.719675e+02
-2.343461e+02
-9.630817e+02
5.735700e+02
-4.364720e+02
-6.776059e+02
2.545512e+02
-3.450034e+02
-3.018115e+03
-1.178984e+03
-8.158099e+02
4.024596e+01
5.712255e+02
1.945439e+02
1.195152e+03
1.372475e+03
6.200306e+02
3.647550e+02
1.705104e+03
5.349410e+02
-2.930986e+03
3.077766e+01
-1.130379e+03
-8.076101e+02
-1.435968e+03
-1.501659e+02
8.269537e+02
-1.187697e+02
8.331629e+02
1.014946e+03
-5.811110e+01
1.188173e+03
-5.640211e+02
1.878255e+02
3.820928e+02
5.636831e+02
1.650804e+02
-7.333851e+02
9.064109e+02
7.461158e+02
1.261587e+03
-6.348854e+02
8.055798e+02
-2.739893e+02
-2.269696e+03
-4.491968e+02
3.649602e+02
2.204565e+03
-9.043317e+02
-1.180864e+03
-9.196082e+02
1.510216e+03
-1.255399e+03
-7.389854e+02
1.119779e+03
-3.891951e+02
6.676086e+02
-1.134099e+03
3.381493e+02
1.614567e+03
-8.898162e+02
6.881998e+02
-7.478527e+02
-9.944101e+02
2.098570e+02
4.066134e+02
8.621072e+02
1.412521e+02
8.735077e+02
-5.297038e+02
1.324388e+03
-2.179428e+02
5.328990e+02
7.897330e+02
-9.544185e+02
-8.199393e+02
8.104538e+02
-8.119622e+02
2.094398e+02
-2.267371e+02
8.020799e+02
1.682773e+02
-5.504241e+01
5.144442e+02
4.318773e+02
-4.110879e+02
8.309803e+01
1.127213e+03
-1.119345e+03
9.074338e+02
-1.140155e+03
-1.772420e+03
4.273930e+02
2.646727e+02
-2.250658e+01
-4.163827e+02
1.050433e+03
6.978796e+02
-1.049310e+03
-1.809333e+01
-4.238184e+02
-7.741418e+02
-1.683023e+03
-1.217109e+03
-5.030889e+02
3.559326e+02
-5.128131e+02
1.289493e+03
-2.381475e+03
1.114703e+03
-4.324311e+02
3.066080e+02
2.564410e+02
4.135924e+01
7.062809e+02
5.658140e+02
-1.031030e+02
-8.549107e+02
-5.516095e+02
7.406142e+02
-1.630453e+03
-2.241102e+03
5.224155e+02
3.516562e+01
4.056216e+02
-1.454931e+03
7.905196e+02
-4.240621e+02
1.448566e+02
-8.331055e+01
6.445334e+02
5.361993e+01
1.442726e+03
-1.514415e+02
1.534632e+03
-2.247927e+01
-9.975463e+02
-1.508740e+03
-1.537266e+03
5.781581e+02
-5.387272e+02
5.671639e+02
1.245642e+03
-1.732107e+03
-1.165260e+03
1.231453e+01
3.118434e+02
-9.681167e+02
-1.645856e+02
-2.241665e+02
6.027345e+01
-1.270803e+03
8.360936e+02
1.291702e+02
-6.032959e+02
4.901398e+02
-1.923969e+03
-1.328675e+03
-6.770246e+02
-2.590160e+02
4.488599e+02
-1.286083e+03
-3.476401e+02
-1.863182e+02
-2.391663e+03
-6.952347e+02
-2.309394e+02
-1.851083e+02
-7.061543e+02
-1.923748e+02
-3.932021e+02
-9.136854e+02
8.057634e+02
6.699297e+02
-6.871780e+02
-1.961369e+02
-1.490538e+03
1.261179e+03
4.604119e+02
1.464982e+02
-4.762484e+02
1.019924e+03
1.002839e+03
-3.045524e+02
-1.455447e+03
6.889344e+02
3.178302e+02
8.424056e+02
-3.790301e+02
-1.063438e+03
1.149620e+03
-1.037480e+03
2.729666e+02
1.722209e+03
1.638949e+03
-3.233403e+02
3.717207e+01
-4.077977e+02
1.253912e+03
1.168338e+02
1.319648e+03
-1.870620e+03
-9.274412e+02
1.505597e+02
-6.302167e+02
1.728325e+02
-1.577394e+02
-1.143644e+03
6.853116e+02
2.687122e+02
1.467767e+03
1.078566e+02
1.205955e+03
-1.017774e+03
8.518099e+02
-1.164623e+03
-7.230667e+02
-2.375424e+02
6.705181e+02
-1.306334e+02
8.656509e+02
-2.488601e+03
-8.834065e+02
8.009117e+02
7.305578e+02
-1.336356e+03
1.219821e+01
2.216783e+02
4.639918e+02
1.397192e+02
5.540897e+02
-2.297285e+02
-3.371034e+02
9.267705e+02
-2.105101e+03
1.153637e+03
7.859838e+01
8.849048e+02
-2.806772e+02
5.070807e+02
7.382124e+02
-6.158275e+01
1.409034e+03
-2.096123e+03
6.994353e+02
-1.753512e+03
-1.311623e+02
-3.641869e+02
4.177377e+02
5.177371e+02
1.893115e+02
3.263327e+02
6.559377e+02
-1.208400e+03
1.899527e+02
5.339005e+02
-3.725522e+02
6.126095e+02
-2.851975e+02
1.073886e+03
-6.834557e+02
7.976568e+02
3.865739e+02
1.066711e+03
-3.264989e+03
2.130103e+02
-5.784457e+02
-1.220310e+03
1.444742e+03
3.548552e+02
5.214122e+02
1.011588e+03
4.950555e+02
-1.431256e+03
-9.989797e+02
-1.225413e+03
-2.340866e+03
-1.335213e+03
-2.194225e+03
4.615816e+02
4.893634e+02
1.430631e+03
-1.171694e+03
-8.037816e+02
1.859722e+03
-3.252338e+02
-7.777260e+02
6.777170e+02
1.748196e+03
-8.319010e+02
5.710732e+02
3.636885e+02
-4.130872e+00
1.251626e+03
-2.283552e+02
-4.181811e+02
-2.009844e+03
1.798947e+03
-1.513071e+03
-8.608909e+02
9.766536e+02
3.109028e+02
5.560268e+02
7.325606e+02
-4.119325e+02
-7.073031e+02
1.748550e+03
1.669567e+03
-4.263418e+02
-9.613300e+02
-1.657330e+03
-2.957614e+02
-4.102947e+02
-8.299036e+02
1.828539e+03
-6.401641e+02
-9.625446e+02
8.297875e+02
1.301475e+03
-3.154976e+02
-2.072096e+02
-3.661475e+02
-9.778217e+02
8.146838e+00
-6.670779e+02
7.076101e+02
-4.704175e+02
-3.396508e+02
3.408340e+02
1.674152e+02
-1.082641e+03
-1.079853e+03
-1.008697e+03
-6.199024e+02
-2.985639e+02
-6.130900e+02
1.023083e+03
1.822962e+02
-2.051220e+03
2.692758e+02
-4.588862e+02
-1.172606e+03
-3.073365e+03
-3.055052e+01
-4.180896e+02
1.073897e+02
-7.532830e+02
-9.422767e+02
1.361238e+02
1.196792e+03
-8.182200e+02
-3.578317e+02
2.160754e+03
1.289304e+03
-7.960639e+02
-6.748790e+02
-9.694835e+02
4.344677e+02
9.134424e+02
4.923778e+00
-4.268431e+02
-1.200050e+00
1.342730e+03
1.045343e+03
1.846779e+03
6.998197e+02
-2.409017e+01
1.407108e+03
1.793924e+03
-9.843666e+02
-1.715433e+01
6.549902e+02
-6.354585e+02
1.210617e+01
-8.327776e+02
6.862038e+02
1.829984e+03
9.048875e+02
1.443293e+03
5.010277e+02
6.513553e+02
6.368956e+02
-1.327025e+03
1.396728e+03
