0.573511
0.564542
0.588420
0.575290
0.757804
0.256321
0.931653
0.142630
0.532738
0.879380
0.091459
0.066394
0.416901
0.500154
0.526318
0.609802
0.856647
0.520459
0.684871
0.227535
0.233771
0.572723
0.538537
0.539221
0.754630
0.921594
0.792823
0.176570
0.957038
0.437703
0.803264
0.575435
0.148676
0.229641
0.353337
0.620306
0.232284
0.366257
0.194856
0.960698
0.127981
0.660702
0.194565
0.791556
0.170053
0.344254
0.410911
0.054158
0.005419
0.575187
0.822581
0.951447
0.565651
0.642575
0.179468
0.588388
0.440884
0.920312
0.241630
0.168752
0.325509
0.765287
0.746688
0.975087
0.085230
0.961154
0.343390
0.156885
0.772336
0.943490
0.373109
0.580722
0.532252
0.718022
0.654107
0.422077
0.224999
0.691867
0.342624
0.222614
0.422688
0.156124
0.987279
0.352708
0.909897
0.492500
0.103622
0.860836
0.137117
0.935289
0.992661
0.418326
0.676785
0.685576
0.592796
0.726084
0.773856
0.750113
0.555611
0.467261
0.108756
0.539355
0.132088
0.318320
0.353365
0.044225
0.609766
0.187566
0.491049
0.741626
0.960577
0.790045
0.108279
0.022595
0.978848
0.484827
0.629300
0.042750
0.970237
0.535139
0.478934
0.394821
0.031376
0.568170
0.999224
0.936495
0.782629
0.422852
0.031641
0.669454
0.381422
0.450882
0.411219
0.739906
0.586298
0.791467
0.143338
0.414922
0.847266
0.890694
0.755728
0.767751
0.577084
0.563326
0.389823
0.640968
0.511825
0.869758
0.468938
0.782047
0.064126
0.485057
0.123181
0.603023
0.808954
0.258548
0.537830
0.446791
0.288954
0.291795
0.086296
0.289897
0.221347
0.920304
0.753118
0.121060
0.110496
0.307635
0.152700
0.958618
0.472769
0.474868
0.372570
0.817319
0.623126
0.937522
0.762240
0.857849
0.173659
0.514800
0.161682
0.271128
0.831785
0.090046
0.807632
0.917854
0.205338
0.353480
0.380082
0.542916
0.270081
0.984503
0.215657
0.217286
0.701771
0.833724
0.622456
0.412143
0.760529
0.271947
0.406041
0.884676
0.060334
0.863352
0.756988
0.374734
0.461631
0.609032
0.967959
0.462521
0.791901
0.522164
0.535449
0.102255
0.970391
0.028913
0.936976
0.756500
0.839694
0.873966
0.581376
0.277776
0.420256
0.946329
0.202004
0.909704
0.033681
0.698699
0.345334
0.313961
0.170755
0.055385
0.642318
0.341034
0.314009
0.376972
0.238695
0.897031
0.952265
0.185453
0.633618
0.593397
0.921665
0.808028
0.038826
0.141274
0.980893
0.612421
0.158269
0.044447
0.696635
0.812935
0.031932
0.709024
0.832290
0.465588
0.559395
0.110487
0.526760
0.859891
0.550859
0.504563
0.570617
0.708991
0.756947
0.988471
0.322440
0.343878
0.105724
0.789752
0.671327
0.899368
0.690449
0.905998
0.763573
0.258680
0.352334
0.304707
0.481242
0.960582
0.962251
0.903530
0.958711
0.480600
0.409778
0.182375
0.530324
0.004812
0.318519
0.142025
0.108061
0.151690
0.090089
0.098172
0.347976
0.465103
0.950718
0.605668
0.608065
0.951073
0.663067
0.020923
0.121122
0.554351
0.912134
0.856066
0.330206
0.284583
0.884730
0.056902
0.135483
0.830281
0.822653
0.699716
0.396924
0.986202
0.776682
0.214707
0.249611
0.704344
0.233543
0.293110
0.758912
0.028371
0.861008
0.847286
0.297498
0.972951
0.266748
0.107886
0.741554
0.661296
0.908892
0.116526
0.032435
0.880569
0.236082
0.994866
0.641698
0.616573
0.977770
0.269743
0.500447
0.299985
0.339191
0.954466
0.475957
0.987663
0.134281
0.290379
0.456582
0.793012
0.613865
0.423748
0.434552
0.383869
0.029929
0.542064
0.276430
0.340343
0.722316
0.175750
0.089394
0.681735
0.222034
0.860873
0.976558
0.916573
0.816486
0.557014
0.944669
0.458849
0.546613
0.882827
0.923497
0.464437
0.569554
0.799187
0.049405
0.177854
0.938667
0.690985
0.388143
0.112506
0.806647
0.461894
0.291170
0.044516
0.914566
0.665289
0.573803
0.558839
0.249580
0.236253
0.447945
0.575662
0.065628
0.551869
0.990469
0.365341
0.762610
0.701316
0.857999
0.427807
0.497874
0.547865
0.897858
0.601124
0.177605
0.640202
0.860157
0.961883
0.294352
0.832811
0.603553
0.843525
0.186716
0.503601
0.100544
0.261404
0.820474
0.415080
0.949917
0.946054
0.148317
0.196951
0.729780
0.062747
0.385008
0.733969
0.967259
0.382383
0.778181
0.659193
0.950509
0.195064
0.823764
0.076817
0.295501
0.120256
0.699258
0.270505
0.279705
0.295406
0.370869
0.557108
0.811267
0.998145
0.410907
0.723258
0.809558
0.672595
0.682171
0.670998
0.360584
0.136927
0.875476
0.372765
0.684152
0.791044
0.543674
0.561449
0.194694
0.708978
0.147332
0.904946
0.549619
0.254633
0.481837
0.532473
0.424452
0.148385
0.503274
0.102995
0.345417
0.312916
0.957541
0.421375
0.251531
0.620519
0.640620
0.194341
0.014247
0.179593
0.787702
0.816486
0.434342
0.502945
0.250252
0.556819
0.331712
0.499004
0.177731
0.571221
0.599513
0.080813
0.551005
0.183714
0.798224
0.049564
0.697429
0.399225
0.096015
0.926691
0.153297
0.043900
0.061573
0.103499
0.993694
0.892186
0.616760
0.116826
0.322316
0.341685
0.111267
0.831822
0.484020
0.147494
0.698137
0.494546
0.718516
0.223425
0.789432
0.436270
0.914256
0.066636
0.167843
0.016079
0.545092
0.155729
0.734186
0.727169
0.564111
0.733671
0.969010
0.235883
0.247067
0.899217
0.877372
0.329503
0.337457
0.302033
0.134013
0.056989
0.620206
0.737238
0.260772
0.634936
0.662870
0.417549
0.413543
0.168517
0.578299
0.332020
0.861734
0.389393
0.110244
0.132648
0.066766
0.977085
0.984093
0.133097
0.728727
0.700411
0.690425
0.085096
0.160670
0.103861
0.401371
0.843902
0.831524
0.180891
0.544211
0.050637
0.144524
0.125438
0.782087
0.047840
0.245240
0.948343
0.114501
0.321230
0.727903
0.690738
0.644434
0.170192
0.012103
0.885137
0.570892
0.589179
0.729382
0.181724
0.250762
0.469093
0.990653
0.237569
0.556178
0.966057
0.298024
0.705025
0.798435
0.072138
0.302589
0.175319
0.776335
0.117778
0.119639
0.476450
0.935533
0.806653
0.098604
0.472017
0.548518
0.938839
0.350554
0.219545
0.854226
0.596289
0.526446
0.410949
0.153898
0.502353
0.418444
0.485764
0.614826
0.420556
0.680709
0.533763
0.726475
0.807605
0.835133
0.326370
0.966958
0.456922
0.493275
0.432244
0.785001
0.527914
0.823220
0.330261
0.956031
0.569481
0.952276
0.497514
0.028539
0.138856
0.994996
0.381965
0.225442
0.526086
0.312436
0.016628
0.152272
0.574770
0.690333
0.719444
0.313019
0.312922
0.380543
0.942091
0.623168
0.446841
0.583825
0.711684
0.076434
0.642769
0.689890
0.090600
0.260598
0.237601
0.668351
0.109371
0.200415
0.174354
0.384877
0.694066
0.575218
0.183681
0.468157
0.884471
0.943946
0.485327
0.835285
0.141456
0.665563
0.762328
0.011737
0.575997
0.816200
0.753385
0.383333
0.503282
0.843959
0.022044
0.523057
0.421636
0.830429
0.520617
0.866069
0.973613
0.142972
0.657856
0.194913
0.992228
0.093969
0.869768
0.088035
0.584108
0.661690
0.543857
0.372469
0.321391
0.248193
0.915663
0.499753
0.541013
0.501970
0.335076
0.567172
0.768137
0.357123
0.332572
0.602018
0.939281
0.199173
0.280203
0.345686
0.686309
0.905624
0.224088
0.408854
0.967368
0.210716
0.969156
0.061876
0.268357
0.651598
0.572288
0.386753
0.344371
0.751834
0.121319
0.343564
0.596460
0.440893
0.468049
0.729832
0.477989
0.548842
0.190481
0.122914
0.474345
0.724719
0.124061
0.777588
0.389795
0.393288
0.757565
0.789228
0.565864
0.862962
0.366085
0.477890
0.457093
0.958284
0.949036
0.371270
0.872210
0.925486
0.882431
0.528529
0.949919
0.180150
0.018170
0.251785
0.683360
0.534206
0.473065
0.452095
0.010385
0.428207
0.047211
0.084531
0.425135
0.324186
0.508468
0.878971
0.599337
0.197134
0.453444
0.197942
0.506949
0.095794
0.855790
0.200484
0.399631
0.662759
0.244701
0.121420
0.050218
0.245402
0.434851
0.611377
0.843943
0.997826
0.085933
0.283046
0.311250
0.891338
0.994318
0.857976
0.995936
0.464525
0.372241
0.389266
0.919674
0.004434
0.944585
0.534281
0.911253
0.209418
0.573851
0.806498
0.772697
0.701562
0.286294
0.108096
0.741754
0.179756
0.297996
0.982951
0.136934
0.946430
0.583967
0.732715
0.076693
0.812966
0.721432
0.544728
0.589880
0.592657
0.684891
0.590492
0.650803
0.329354
0.919518
0.545017
0.328414
0.493463
0.109309
0.405147
0.783223
0.817677
0.023586
0.671957
0.725667
0.229397
0.060391
0.564911
0.271907
0.202849
0.196884
0.346972
0.477131
0.138771
0.594689
0.400925
0.364764
0.398415
0.709421
0.239253
0.214720
0.293387
0.630752
0.035141
0.071841
0.890425
0.298209
0.606122
0.681378
0.360294
0.129188
0.589352
0.916979
0.151351
0.128585
0.318680
0.729536
0.642408
0.380812
0.659339
0.155191
0.810383
0.825899
0.557374
0.058999
0.073010
0.629633
0.258529
0.563083
0.503740
0.026617
0.834777
0.184112
0.255417
0.166872
0.741918
0.823593
0.734528
0.866876
0.341617
0.782364
0.256224
0.116639
0.928010
0.245233
0.212712
0.622441
0.214033
0.673278
0.699845
0.543442
0.406909
0.780778
0.394570
0.651548
0.218444
0.503008
0.079006
0.615016
0.681852
0.106269
0.138150
0.146942
0.863167
0.137170
0.179882
0.351178
0.108488
0.706006
0.608755
0.611733
0.792097
0.018363
0.195519
0.447534
0.071784
0.828992
0.512878
0.655883
0.688544
0.758691
0.073569
0.156812
0.569214
0.536983
0.789052
0.050348
0.530194
0.104266
0.177830
0.570215
0.300361
0.582881
0.649430
0.681141
0.132607
0.395008
0.251685
0.097145
0.505295
0.826697
0.196691
0.576930
0.245952
0.491823
0.001910
0.883148
0.789040
0.939231
0.276281
0.772688
0.038527
0.196551
0.392377
0.706511
0.628520
0.425773
0.912889
0.892926
0.835439
0.953966
0.755821
0.654356
0.991031
0.207359
0.566762
0.764541
0.344787
0.156708
